301358
301359
301360
301361
301365
301444
301366
301412
301368
301369
301445
301370
301374
301372
301403
301395
301373
301396
301376
301380
301447
301375
301464
301427
301377
301460
301378
301379
301552
301519
301383
301384
301386
301385
301387
301388
301392
301389
301393
301362
301394
301473
301563
301397
301398
301399
301400
301402
301442
301404
301411
301405
301406
301410
301409
301551
301407
301480
301408
301564
301413
301465
301417
301466
301415
301416
301364
301509
301418
301414
301419
301421
301420
301423
301422
301426
301522
301549
301483
301430
301435
301432
301433
301436
301437
301560
301439
301438
301440
301441
301446
301448
301449
301450
301451
301453
301452
301454
301455
301502
301456
301458
301566
301457
301501
301503
301459
301463
301558
301469
301467
301468
301470
301471
301472
301481
301482
301484
301492
301485
301486
301490
301494
301489
301487
301493
301488
301491
301546
301496
301495
301504
301505
301506
301508
301507
301511
301514
301548
301538
301536
301518
301516
301515
301517
301520
301524
301532
301521
301529
301523
301531
301530
301535
301539
301545
301525
301526
301527
301528
301537
301534
301544
301533
301540
301543
301542
301541
301547
301553
301561
301556
301554
301555
301557
301562
301565
