191997
192015
192001
192009
192010
192011
192012
192002
192003
192005
192006
192007
192004
192013
192014
192000
192016
192019
192020
192021
192022
192023
192024
192025
192026
192058
192059
192041
192056
192027
192028
192036
192040
192029
192034
192033
192035
192030
192031
192032
192037
192039
192038
192052
192042
192045
192049
192050
192051
192043
192046
192048
192047
192044
192053
192054
192055
192057
192060
192061
192063
192062
192065
192067
192069
192070
192076
192073
192077
192071
192072
192068
192074
192075
192078
192079
192080
192081
192082
192084
192085
192087
192089
192096
192097
192098
192099
192100
192101
192102
192104
192103
192107
192111
192113
192115
192116
192118
192093
192119
192121
192123
192124
192125
192126
