13103
13104
13105
13117
13191
13106
13192
13107
13108
13111
13188
13109
13110
13112
13113
13114
13115
13116
13118
13138
13119
13127
13128
13129
13130
13180
13182
13120
13121
13123
13122
13126
13124
13125
13132
13133
13134
13147
13175
13145
13135
13136
13137
13148
13176
13139
13140
13141
13142
13143
13144
13151
13146
13149
13169
13152
13150
13159
13154
13153
13165
13155
13156
13162
13164
13157
13158
13160
13161
13163
13166
13167
13168
13171
13172
13173
13181
13183
13184
13185
13186
13187
13189
13193
13194
13195
13196
13178
13203
13207
13222
13220
13208
13209
13218
13210
13217
13216
13212
13215
13213
13211
13214
13219
13223
13224
13225
13226
13227
13228
13232
13233
13234
13235
13236
13238
13237
13241
13244
13242
13239
13240
13243
13245
13246
13247
13248
13249
13253
13255
13257
13258
13259
13261
13262
13263
13270
13271
13273
13274
13279
13281
13282
13283
13284
13285
13286
13287
13288
13289
13290
13291
13292
13293
13294
13295
13296
13300
13301
13302
13303
13304
13305
13306
13307
13309
13314
13315
13317
13318
13319
13320
13322
13323
13324
13325
13326
13327
13328
13329
13330
13331
13332
13333
13334
13335
13336
13337
13338
13339
13340
13341
13343
13344
13345
13346
13347
13348
