30249
30250
30251
30252
30257
30295
30255
30298
30253
30262
30261
30265
30301
30266
30267
30268
30302
30269
30270
30297
30271
30272
30300
30273
30274
30275
30276
30277
30296
30278
30279
30280
30281
30282
30283
30294
30310
30290
30293
30291
30292
30299
30304
30303
30308
30307
30313
30312
30315
30316
30317
30318
30319
30320
30321
30322
30323
30324
30325
30254
30326
30327
30328
30329
30330
30331
30332
30333
30334
30335
30336
30337
30338
30339
30340
30341
30342
30345
30346
30349
30350
30351
30352
30353
30354
30355
30356
30357
30358
30359
30362
30363
30364
30365
30366
30367
