300347
300406
300348
300415
300349
300370
300390
300350
300351
300352
300353
300355
300466
300359
300362
300365
300363
300373
300366
300486
300367
300473
300474
300368
300433
300369
300371
300372
300393
300413
300377
300444
300427
300428
300511
300513
300498
300429
300496
300471
300445
300517
300477
300354
300375
300469
300468
300376
300378
300379
300380
300381
300394
300382
300414
300383
300478
300384
300508
300386
300437
300387
300388
300389
300518
300476
300391
300392
300397
300398
300456
300399
300400
300402
300403
300506
300405
300404
300453
300407
300411
300410
300412
300465
300409
300416
300417
300460
300505
300418
300454
300419
300421
300420
300422
300431
300423
300424
300520
300425
300430
300448
300434
300509
300432
300438
300440
300441
300442
300443
300447
300446
300450
300451
300455
300408
300458
300459
300464
300502
300470
300472
300475
300452
300512
300479
300481
300484
300487
300488
300489
300490
300493
300494
300495
300504
300507
300522
300510
300426
300516
300521
