191288
191289
191300
191301
191305
191302
191384
191385
191359
191348
191358
191303
191356
191304
191306
191307
191322
191308
191309
191310
191311
191312
191335
191362
191313
191314
191315
191316
191317
191339
191318
191319
191320
191321
191332
191343
191323
191355
191324
191325
191329
191326
191327
191364
191383
191328
191353
191330
191331
191333
191334
191336
191337
191338
191340
191341
191342
191344
191345
191346
191347
191349
191350
191351
191352
191354
191357
191360
191363
191367
191365
191366
191373
191375
191376
191374
191377
191378
191379
