2482
2636
2483
2639
2484
2709
2485
2514
2591
2534
2486
2487
2488
2694
2494
2718
2491
2492
2489
2716
2601
2493
2644
2558
2496
2497
2499
2637
2653
2619
2500
2710
2502
2505
2645
2504
2503
2600
2506
2682
2507
2508
2509
2510
2512
2513
2573
2669
2521
2696
2714
2585
2627
2576
2584
2515
2516
2565
2517
2518
2520
2528
2544
2522
2582
2597
2523
2525
2643
2599
2526
2527
2532
2530
2687
2657
2531
2533
2628
2539
2540
2542
2543
2630
2546
2547
2545
2548
2550
2553
2554
2632
2557
2559
2560
2649
2561
2562
2564
2631
2567
2568
2633
2569
2570
2571
2572
2575
2583
2587
2588
2621
2675
2589
2592
2684
2593
2594
2606
2596
2595
2598
2655
2602
2604
2605
2647
2607
2609
2608
2658
2610
2618
2622
2626
2691
2641
2634
2640
2690
2642
2652
2646
2698
2651
2654
2656
2689
2659
2660
2661
2662
2663
2664
2665
2666
2667
2670
2671
2672
2673
2674
2720
2708
2676
2677
2678
2679
2680
2681
2683
2692
2685
2686
2688
2586
2693
2695
2697
2701
2699
2700
2702
2704
2705
2707
2563
2711
2712
2715
2717
2719
2722
2723
