196502
196601
196603
196600
196598
196599
196611
196503
196544
196505
196542
196547
196548
196504
196543
196576
196506
196551
196596
196545
196526
196582
196586
196587
196508
196589
196593
196507
196515
196574
196575
196535
196579
196509
196510
196511
196512
196513
196514
196568
196567
196524
196516
196517
196518
196519
196520
196523
196521
196522
196525
196531
196550
196549
196527
196529
196528
196530
196533
196534
196536
196538
196537
196539
196540
196541
196546
196553
196552
196564
196554
196557
196558
196555
196556
196563
196560
196559
196561
196562
196569
196570
196571
196572
196566
196580
196583
196584
196585
196588
196590
196591
196592
196595
196597
196602
196608
196610
196604
196605
196606
196607
196612
196613
196615
196616
196617
196618
196619
196620
196621
196622
196623
196624
196625
196626
196627
196628
196629
196630
196631
196632
196633
196635
196637
196638
196639
196641
196642
196643
196644
196645
196646
196647
196648
196649
196650
196651
196652
196653
196654
196655
196656
196657
196658
196659
196660
196661
196662
196663
196664
196665
196666
196667
196668
196672
196676
196677
196681
196683
196686
196687
196690
196691
196692
196693
196698
196699
196700
196706
196705
196702
196701
196707
196709
196703
196704
196708
196710
196711
196712
196713
196714
196715
196716
196720
196721
196723
196725
196726
196728
196731
196733
196743
