301894
301895
301896
301897
301901
301980
301902
301948
301904
301905
301981
301906
301910
301908
301931
301939
301909
301932
301912
301916
301983
301911
301963
302000
301913
301996
301914
301915
302089
302056
301919
301920
301922
301921
301923
301924
301925
301928
301929
301898
301930
302009
302100
301933
301934
301935
301936
301938
301978
301940
301947
301941
301942
301946
301945
302088
301943
302016
301944
302101
301949
302002
302001
301953
301951
301952
301900
302045
301954
301950
301955
301957
301956
301959
301958
301962
302059
302086
302019
301966
301971
301968
301969
301972
301973
302097
301975
301974
301976
301977
301982
301984
301985
301986
301987
301989
301988
301990
301991
302038
301992
302103
301994
301993
302037
302039
301995
301999
302095
302005
302003
302004
302006
302007
302008
302017
302018
302020
302028
302021
302022
302026
302030
302025
302023
302029
302024
302027
302083
302032
302031
302040
302041
302042
302044
302043
302046
302054
302048
302051
302075
302073
302085
302053
302052
302055
302057
302061
302069
302060
302066
302058
302068
302067
302072
302076
302082
302062
302063
302064
302065
302074
302071
302081
302070
302077
302078
302079
302080
302084
302098
302090
302093
302091
302092
302094
302099
302102
