301576
301573
301577
301595
301581
301578
301582
301579
301585
301571
301586
301569
301590
301592
301596
301600
301603
301601
301617
301637
301604
301610
301605
301607
301618
301606
301624
301622
301631
301649
301626
301627
301628
301632
301633
301648
301647
301640
301644
301653
301641
301674
301654
301867
301656
301683
301775
301756
301672
301655
301657
301881
301676
301877
301658
301750
301781
301659
301722
301667
301660
301661
301662
301663
301664
301665
301666
301668
301670
301866
301862
301848
301864
301863
301843
301841
301840
301839
301838
301844
301836
301842
301671
301805
301685
301825
301690
301688
301689
301861
301865
301677
301687
301691
301684
301846
301845
301803
301686
301833
301673
301847
301678
301675
301680
301829
301777
301717
301716
301730
301712
301802
301828
301870
301869
301780
301831
301827
301830
301835
301773
301797
301779
301868
301681
301873
301729
301682
301776
301732
301731
301771
301794
301738
301733
301850
301851
301811
301834
301774
301692
301693
301706
301695
301696
301792
301697
301793
301698
301699
301700
301701
301778
301703
301707
301704
301709
301705
301710
301711
301708
301713
301714
301715
301782
301718
301719
301720
301721
301723
301724
301725
301726
301727
301728
301786
301785
301735
301736
301737
301739
301740
301742
301741
301772
301743
301744
301745
301746
301796
301748
301749
301810
301757
301758
301759
301760
301763
301761
301762
301764
301765
301769
301770
301766
301768
301824
301784
301787
301788
301791
301795
301798
301800
301783
301799
301801
301804
301807
301806
301812
301808
301809
301817
301822
301819
301823
301832
301837
301734
301849
301855
301856
301857
301858
301859
301860
301854
301872
301874
301876
301879
