11980
11981
11987
12023
12030
12032
11991
12027
11982
11993
11983
12082
12083
12084
11989
11990
11994
11992
11996
12021
11997
11998
11999
12013
12000
12001
12003
11988
12006
12007
12016
12017
12018
12020
12022
12024
12026
12025
12028
12031
12033
12035
12044
12041
12037
11995
12039
12040
12042
12043
12047
12048
12057
12050
12051
12052
12075
12053
12054
12058
12059
12060
12061
12065
12012
12066
12069
12070
12068
12071
12072
12073
12074
12076
12077
12080
12085
12086
12087
12088
12089
12090
12091
12092
12093
12094
