15251
15252
15253
15254
15255
15264
15280
15256
15277
15261
15262
15263
15257
15260
15258
15259
15273
15276
15269
15266
15265
15267
15268
15270
15271
15275
15278
15279
15282
15283
15284
15286
15287
15351
15350
15349
15348
15347
15346
15345
15344
15343
15342
15341
15338
15333
15301
15288
15300
15299
15289
15290
15291
15292
15293
15295
15302
15304
15305
15332
15308
15329
15325
15324
15323
15322
15315
15310
15309
15321
15313
15319
15327
15330
15334
15335
15336
15317
15340
15339
15297
15318
15355
15359
15356
15410
15411
15412
15413
15414
15415
15416
15417
15409
15419
15420
15421
15422
15423
15424
15418
15408
15361
15406
15357
15360
15352
15358
15362
15363
15407
15399
15400
15401
15402
15403
15404
15405
15398
15395
15389
15386
15385
15384
15381
15392
15375
15372
15369
15368
15378
15367
15364
15365
15366
15371
15374
15377
15380
15383
15388
15391
15394
15397
15425
15426
15427
15428
15429
15430
15431
15432
15433
15434
15435
15436
15437
15438
15439
15440
15442
15326
15307
15443
15444
15446
15447
15448
15449
15451
15454
15457
15458
15459
15460
15462
15463
15467
15468
15470
15469
15472
15473
15474
15476
