301358 301359
301359 301360
301360 301361
301365 301444
301365 301366
301444 301366
301366 301412
301366 301374
301366 301378
301366 301379
301366 301386
301366 301397
301366 301398
301366 301458
301366 301552
301412 301400
301412 301402
301412 301413
301412 301417
301412 301432
301412 301433
301412 301435
301412 301446
301368 301369
301368 301411
301369 301445
301369 301379
301369 301386
301369 301407
301369 301458
301369 301551
301369 301552
301369 301558
301445 301374
301445 301446
301370 301374
301374 301376
301374 301380
301374 301447
301374 301485
301372 301403
301372 301395
301372 301409
301372 301463
301372 301482
301372 301555
301403 301373
301373 301396
301373 301410
301373 301437
301373 301481
301373 301554
301376 301377
301376 301460
301376 301380
301376 301484
301380 301519
301447 301413
301375 301464
301375 301427
301464 301413
301464 301417
301464 301426
301427 301522
301427 301549
301427 301483
301377 301378
301377 301383
301460 301463
301460 301558
301378 301379
301378 301552
301552 301383
301552 301384
301552 301385
301552 301553
301552 301557
301552 301565
301519 301518
301519 301521
301519 301529
301519 301523
301384 301386
301386 301385
301387 301388
301387 301459
301388 301392
301388 301389
301393 301362
301362 301473
301362 301511
301394 301473
301394 301563
301398 301399
301402 301442
301404 301411
301404 301405
301404 301449
301411 301408
301411 301564
301411 301458
301411 301480
301411 301518
301411 301551
301406 301410
301406 301409
301406 301551
301551 301407
301551 301553
301551 301561
301551 301565
301407 301480
301564 301534
301564 301449
301564 301565
301413 301465
301413 301417
301413 301466
301413 301426
301465 301417
301465 301469
301417 301416
301417 301509
301417 301415
301417 301466
301417 301364
301417 301426
301466 301467
301415 301416
301415 301364
301415 301418
301415 301421
301415 301446
301415 301543
301416 301505
301416 301507
301418 301414
301418 301419
301419 301421
301419 301483
301421 301423
301420 301423
301420 301487
301420 301490
301420 301492
301420 301496
301420 301547
301423 301422
301422 301496
301522 301518
301522 301530
301522 301535
301549 301548
301549 301530
301549 301535
301430 301435
301436 301437
301436 301560
301437 301439
301439 301438
301439 301441
301439 301440
301439 301463
301439 301558
301438 301440
301448 301449
301448 301450
301448 301459
301450 301451
301453 301452
301453 301455
301453 301502
301452 301456
301452 301501
301452 301505
301452 301508
301454 301455
301455 301502
301455 301526
301455 301527
301455 301528
301502 301501
301456 301458
301456 301566
301458 301457
301566 301457
301457 301501
301457 301503
301503 301505
301503 301508
301558 301561
301558 301565
301469 301471
301467 301468
301468 301470
301470 301471
301471 301472
301484 301492
301484 301485
301492 301486
301492 301491
301485 301486
301485 301488
301486 301490
301486 301494
301486 301489
301486 301487
301486 301493
301490 301491
301494 301493
301494 301546
301494 301496
301489 301548
301546 301521
301546 301523
301546 301529
301546 301548
301496 301495
301504 301505
301506 301508
301508 301507
301514 301548
301514 301538
301514 301536
301514 301518
301514 301516
301514 301515
301514 301517
301548 301547
301536 301537
301517 301520
301517 301524
301517 301532
301520 301521
301520 301523
301520 301531
301520 301529
301520 301530
301520 301535
301520 301539
301520 301545
301524 301525
301532 301533
301521 301531
301521 301523
301529 301537
301531 301534
301531 301544
301531 301535
301531 301541
301531 301542
301539 301540
301525 301526
301525 301527
301527 301528
301534 301533
301540 301543
301540 301542
301540 301541
301553 301556
301553 301557
301561 301562
301556 301565
301557 301565
301562 301565
