296571 296578
296571 296584
296571 296581
296571 296577
296571 296579
296571 296580
296571 296583
296571 296572
296571 296574
296571 296594
296578 296573
296578 296574
296578 296580
296584 296573
296584 296574
296584 296577
296581 296573
296581 296574
296581 296579
296577 296573
296577 296574
296577 296591
296577 296583
296579 296573
296579 296574
296580 296573
296580 296574
296583 296573
296583 296574
296572 296582
296572 296592
296572 296594
296582 296575
296582 296576
296582 296586
296582 296589
296573 296574
296573 296575
296573 296594
296574 296590
296574 296576
296574 296594
296590 296589
296590 296591
296590 296594
296575 296592
296575 296594
296576 296592
296576 296594
296586 296587
296586 296588
296589 296588
296587 296592
296588 296594
296593 296585
