15251 15252
15251 15267
15251 15268
15253 15254
15254 15255
15254 15264
15254 15278
15255 15264
15255 15280
15255 15256
15255 15277
15264 15256
15264 15273
15264 15276
15264 15269
15264 15266
15264 15265
15264 15275
15264 15356
15264 15451
15280 15261
15256 15261
15256 15262
15256 15263
15256 15424
15256 15458
15277 15278
15261 15425
15261 15443
15261 15454
15261 15459
15261 15462
15261 15470
15262 15472
15262 15476
15257 15260
15257 15443
15257 15474
15260 15424
15260 15425
15258 15259
15273 15276
15273 15295
15273 15442
15276 15286
15276 15333
15276 15438
15276 15440
15270 15271
15271 15288
15271 15289
15271 15335
15278 15279
15282 15283
15282 15284
15286 15287
15286 15333
15287 15351
15287 15350
15287 15349
15287 15348
15287 15347
15287 15346
15287 15345
15287 15344
15287 15343
15287 15342
15287 15341
15287 15338
15287 15333
15287 15301
15344 15318
15344 15340
15343 15301
15341 15297
15341 15292
15338 15302
15338 15317
15338 15340
15333 15288
15333 15334
15333 15335
15333 15336
15333 15340
15301 15295
15301 15302
15301 15304
15301 15305
15301 15332
15301 15360
15288 15300
15288 15299
15288 15289
15288 15295
15288 15332
15288 15334
15288 15431
15288 15434
15288 15435
15288 15438
15289 15290
15289 15291
15289 15339
15291 15292
15291 15293
15292 15302
15295 15302
15295 15308
15302 15340
15305 15308
15332 15308
15308 15329
15308 15325
15308 15324
15308 15323
15308 15322
15308 15315
15308 15310
15308 15309
15308 15321
15308 15356
15308 15361
15308 15428
15308 15440
15329 15330
15329 15362
15329 15400
15329 15402
15329 15406
15329 15407
15329 15410
15329 15412
15329 15414
15329 15416
15329 15418
15329 15422
15325 15327
15325 15362
15325 15400
15325 15402
15325 15406
15325 15407
15325 15410
15325 15412
15325 15414
15325 15416
15325 15418
15325 15422
15324 15319
15324 15410
15323 15362
15323 15402
15323 15406
15323 15407
15323 15410
15323 15414
15323 15416
15323 15418
15323 15422
15322 15319
15322 15362
15322 15402
15322 15406
15322 15407
15322 15410
15322 15414
15322 15416
15322 15418
15322 15422
15315 15319
15315 15340
15315 15362
15315 15406
15315 15410
15315 15414
15315 15416
15315 15418
15310 15313
15310 15362
15310 15398
15310 15402
15310 15404
15310 15407
15310 15414
15321 15319
15321 15362
15321 15402
15321 15406
15321 15407
15321 15414
15321 15416
15321 15418
15321 15422
15313 15367
15319 15368
15327 15384
15330 15385
15334 15437
15355 15359
15355 15358
15355 15463
15359 15358
15356 15410
15356 15411
15356 15412
15356 15413
15356 15414
15356 15415
15356 15416
15356 15417
15356 15409
15356 15419
15356 15420
15356 15421
15356 15422
15356 15423
15356 15424
15356 15418
15356 15408
15356 15361
15356 15406
15356 15357
15356 15360
15356 15352
15356 15358
15356 15362
15356 15363
15356 15407
15356 15399
15356 15400
15356 15401
15356 15402
15356 15403
15356 15404
15356 15405
15356 15398
15411 15368
15413 15384
15413 15385
15415 15381
15415 15385
15415 15395
15415 15392
15415 15378
15415 15384
15415 15375
15415 15372
15415 15369
15415 15368
15415 15367
15417 15385
15417 15384
15417 15368
15409 15367
15409 15372
15409 15392
15409 15395
15419 15368
15419 15386
15419 15389
15419 15384
15419 15385
15421 15392
15423 15392
15423 15395
15424 15358
15424 15425
15424 15463
15408 15389
15408 15386
15408 15384
15408 15368
15408 15385
15357 15358
15363 15395
15363 15389
15363 15386
15363 15385
15363 15384
15363 15381
15363 15392
15363 15375
15363 15372
15363 15369
15363 15368
15363 15378
15363 15367
15399 15392
15401 15368
15401 15384
15403 15367
15403 15368
15405 15372
15405 15367
15395 15397
15389 15391
15386 15388
15381 15383
15392 15394
15375 15377
15372 15374
15369 15371
15378 15380
15364 15365
15364 15366
15365 15366
15425 15457
15426 15427
15428 15439
15429 15430
15431 15436
15432 15433
15442 15326
15442 15307
15443 15460
15444 15446
15446 15469
15447 15448
15448 15449
15467 15468
15467 15470
15467 15473
