2482 2636
2636 2502
2636 2644
2483 2639
2639 2484
2639 2485
2639 2507
2639 2516
2639 2518
2639 2527
2639 2539
2639 2540
2639 2618
2639 2634
2639 2660
2639 2661
2639 2662
2639 2663
2639 2664
2639 2665
2639 2666
2639 2667
2639 2673
2639 2694
2639 2702
2639 2712
2639 2717
2639 2722
2484 2709
2709 2678
2709 2687
2709 2708
2709 2563
2709 2649
2485 2514
2485 2591
2485 2534
2485 2486
2485 2487
2485 2594
2514 2513
2514 2521
2514 2696
2514 2714
2514 2585
2514 2653
2514 2627
2514 2576
2514 2584
2514 2515
2514 2526
2514 2540
2514 2564
2514 2588
2514 2589
2514 2592
2514 2599
2514 2660
2514 2661
2514 2670
2514 2671
2514 2672
2514 2712
2591 2496
2591 2497
2591 2510
2591 2517
2591 2550
2591 2604
2591 2607
2591 2608
2591 2609
2591 2610
2591 2618
2591 2634
2591 2658
2591 2659
2591 2661
2591 2663
2591 2664
2591 2670
2591 2673
2591 2676
2591 2677
2591 2678
2591 2679
2591 2680
2591 2685
2591 2686
2591 2693
2591 2694
2591 2702
2591 2712
2591 2722
2591 2723
2534 2502
2534 2558
2534 2628
2534 2716
2534 2572
2534 2637
2534 2645
2534 2656
2534 2687
2534 2688
2534 2708
2488 2694
2488 2494
2488 2718
2488 2491
2488 2492
2488 2489
2694 2489
2694 2492
2694 2718
2494 2489
2494 2492
2494 2558
2718 2719
2491 2489
2491 2492
2492 2489
2492 2601
2489 2716
2489 2601
2489 2588
2716 2512
2716 2554
2716 2571
2716 2592
2716 2595
2716 2598
2716 2602
2716 2605
2716 2606
2716 2621
2716 2626
2716 2631
2716 2644
2716 2653
2716 2684
2716 2705
2716 2715
2716 2717
2493 2644
2644 2502
2644 2504
2644 2637
2644 2645
2558 2523
2558 2553
2558 2675
2499 2637
2499 2653
2499 2619
2637 2509
2637 2510
2637 2513
2637 2542
2637 2599
2637 2710
2637 2656
2653 2500
2653 2532
2653 2542
2653 2598
2653 2599
2653 2609
2653 2513
2653 2658
2653 2663
2653 2664
2653 2682
2653 2695
2619 2643
2500 2710
2500 2517
2500 2531
2710 2504
2710 2640
2710 2711
2502 2505
2502 2645
2502 2504
2502 2503
2502 2508
2502 2531
2502 2543
2502 2630
2502 2631
2502 2673
2502 2687
2502 2708
2505 2600
2645 2504
2600 2599
2506 2682
2682 2669
2682 2680
2682 2683
2513 2573
2513 2669
2669 2599
2521 2520
2521 2544
2714 2572
2714 2575
2714 2587
2585 2584
2627 2533
2627 2544
2627 2557
2627 2588
2627 2621
2627 2691
2627 2628
2627 2707
2516 2565
2516 2527
2565 2564
2565 2618
2565 2681
2520 2528
2528 2532
2528 2606
2528 2695
2522 2582
2522 2597
2582 2594
2582 2598
2597 2596
2597 2595
2525 2643
2525 2599
2525 2526
2643 2548
2643 2559
2643 2628
2643 2640
2599 2655
2599 2649
2532 2531
2530 2687
2530 2657
2687 2631
2687 2657
2687 2674
2687 2689
2657 2689
2531 2588
2531 2621
2531 2695
2628 2559
2628 2641
2543 2630
2546 2547
2546 2545
2546 2548
2554 2632
2632 2705
2559 2651
2560 2649
2649 2604
2649 2655
2561 2562
2564 2631
2567 2568
2568 2633
2633 2583
2569 2570
2572 2575
2583 2596
2588 2621
2588 2675
2621 2594
2621 2622
2592 2684
2592 2593
2684 2692
2594 2606
2594 2596
2594 2598
2606 2596
2606 2647
2655 2654
2607 2609
2609 2658
2641 2640
2641 2651
2640 2690
2640 2642
2640 2652
2690 2586
2690 2651
2652 2651
2646 2698
2646 2699
2698 2672
2698 2700
2698 2699
2689 2674
2674 2720
2674 2708
2720 2708
2692 2693
2697 2701
2697 2699
2697 2700
2701 2700
2704 2705
