349236 349241
349236 349260
349236 349240
349241 349239
349260 349259
349238 349258
349238 349239
349258 349239
349239 349257
349239 349259
349239 349262
349239 349263
349242 349293
349293 349245
349293 349261
349293 349266
349293 349272
349293 349275
349293 349279
349293 349280
349293 349286
349293 349288
349293 349289
349293 349290
349293 349291
349293 349292
349293 349294
349293 349295
349293 349296
349293 349297
349293 349299
349293 349303
349293 349305
349293 349306
349293 349307
349293 349308
349243 349255
349244 349245
349246 349237
349237 349316
349247 349251
349248 349268
349248 349316
349268 349269
349250 349273
349250 349275
349250 349316
349273 349274
349256 349257
349257 349284
349257 349264
349257 349303
349284 349283
349284 349249
349264 349252
349264 349276
349259 349263
349259 349265
349265 349267
349270 349299
349299 349281
349299 349234
349299 349306
349272 349278
349278 349276
349274 349276
349277 349279
349277 349280
349277 349249
349277 349316
349279 349280
349280 349281
349280 349282
349283 349286
349283 349287
349283 349288
349283 349289
349283 349290
349313 349315
349315 349314
