191997 192015
192015 192016
192015 192019
192015 192020
192015 192069
192001 192009
192001 192010
192001 192011
192001 192012
192009 192026
192010 192026
192011 192096
192011 192097
192012 192013
192002 192003
192002 192005
192002 192006
192002 192007
192002 192014
192003 192004
192006 192004
192006 192023
192013 192014
192013 192115
192014 192000
192016 192019
192016 192060
192016 192063
192016 192075
192016 192080
192016 192087
192016 192119
192016 192123
192016 192126
192021 192022
192022 192023
192022 192024
192022 192025
192024 192032
192026 192058
192026 192059
192026 192041
192026 192056
192026 192043
192058 192069
192058 192072
192059 192060
192059 192061
192059 192063
192059 192065
192059 192069
192041 192052
192041 192042
192041 192045
192041 192049
192041 192050
192041 192051
192041 192043
192041 192113
192056 192052
192056 192057
192027 192028
192027 192036
192027 192040
192027 192116
192028 192029
192028 192034
192028 192033
192028 192035
192028 192103
192036 192037
192036 192043
192040 192033
192040 192035
192040 192037
192029 192033
192029 192126
192034 192035
192034 192126
192030 192031
192030 192032
192030 192074
192030 192126
192032 192038
192032 192053
192032 192055
192032 192062
192032 192100
192037 192039
192037 192038
192037 192085
192037 192121
192037 192124
192037 192125
192039 192089
192038 192050
192038 192054
192038 192085
192038 192121
192038 192124
192052 192051
192052 192053
192042 192043
192042 192113
192045 192044
192049 192050
192050 192044
192050 192051
192051 192043
192051 192111
192043 192046
192043 192048
192043 192047
192053 192054
192053 192057
192054 192055
192055 192057
192055 192074
192055 192118
192061 192062
192063 192062
192067 192069
192069 192070
192069 192076
192069 192073
192069 192077
192076 192084
192073 192071
192072 192068
192068 192126
192074 192075
192078 192079
192081 192082
192098 192099
192100 192101
192102 192104
192104 192107
192118 192093
192118 192126
