304137 304144
304137 304138
304137 304141
304137 304140
304137 304139
304137 304142
304137 304143
304144 304145
304144 304146
304144 304147
304139 304174
304139 304159
304142 304148
304142 304170
304143 304158
304143 304162
304174 304159
304159 304158
304159 304147
304159 304169
304159 304173
304148 304149
304148 304150
304148 304152
304170 304162
304170 304171
304158 304164
304162 304164
304147 304169
304169 304164
304149 304157
304149 304151
304149 304152
304149 304153
304150 304151
304150 304153
304150 304154
304150 304152
304152 304155
304152 304156
304160 304163
304163 304172
304163 304167
304164 304171
304165 304166
304166 304168
304166 304167
