30249 30250
30251 30252
30252 30257
30252 30295
30252 30266
30252 30267
30252 30268
30252 30283
30252 30290
30252 30299
30252 30329
30252 30354
30252 30364
30252 30367
30257 30262
30257 30269
30295 30269
30295 30281
30295 30282
30295 30283
30295 30315
30295 30316
30295 30317
30295 30318
30295 30326
30295 30327
30295 30328
30295 30351
30295 30352
30295 30353
30295 30355
30255 30298
30255 30253
30298 30297
30253 30350
30253 30351
30253 30352
30253 30353
30253 30362
30253 30363
30262 30261
30265 30301
30301 30297
30301 30299
30301 30320
30301 30321
30301 30333
30268 30302
30302 30275
30302 30276
30302 30297
30302 30304
30302 30332
30302 30333
30302 30334
30302 30345
30302 30346
30302 30349
30270 30297
30297 30271
30297 30272
30297 30273
30297 30299
30297 30331
30297 30332
30297 30333
30297 30334
30297 30335
30297 30336
30297 30337
30297 30338
30297 30340
30297 30341
30272 30300
30300 30273
30300 30274
30300 30337
30300 30338
30300 30339
30300 30340
30300 30341
30300 30342
30277 30296
30296 30278
30296 30279
30296 30280
30296 30315
30296 30317
30283 30294
30283 30310
30283 30355
30294 30293
30294 30292
30294 30322
30294 30323
30294 30324
30294 30326
30294 30327
30294 30328
30294 30351
30294 30352
30294 30353
30293 30291
30293 30322
30293 30323
30293 30356
30293 30357
30292 30322
30292 30323
30292 30358
30292 30359
30299 30304
30299 30319
30299 30320
30299 30332
30304 30303
30304 30308
30304 30307
30304 30320
30304 30330
30304 30345
30303 30308
30308 30307
30313 30312
30325 30254
30254 30326
30254 30327
30254 30328
30254 30365
30254 30366
