34064 34206
34064 34194
34064 34197
34064 34088
34064 34163
34064 34195
34064 34173
34064 34148
34064 34169
34064 34066
34064 34087
34064 34065
34064 34157
34064 34086
34064 34191
34206 34208
34194 34089
34197 34198
34163 34164
34195 34180
34195 34192
34195 34193
34173 34174
34148 34161
34148 34151
34148 34149
34169 34170
34065 34134
34065 34067
34065 34070
34065 34102
34065 34097
34065 34098
34065 34101
34157 34158
34134 34141
34070 34074
34070 34071
34102 34096
34102 34112
34102 34106
34102 34147
34102 34196
34102 34137
34098 34095
34101 34096
34068 34077
34089 34107
34089 34126
34089 34090
34089 34137
34089 34154
34089 34170
34089 34172
34126 34120
34090 34092
34094 34096
34096 34114
34096 34104
34096 34137
34114 34133
34114 34142
34100 34113
34113 34103
34113 34198
34147 34133
34109 34108
34133 34151
34133 34202
34132 34164
34132 34144
34132 34158
34132 34201
34132 34202
34141 34139
34143 34145
34143 34146
34161 34160
34151 34149
34151 34160
34158 34162
34158 34159
34171 34172
34176 34177
34180 34191
34180 34181
34209 34207
