600 691
600 692
691 653
602 603
602 604
604 624
604 706
604 707
604 621
604 627
624 623
624 622
624 625
624 627
624 621
624 645
706 711
706 708
706 707
621 628
627 653
605 606
605 607
609 608
612 614
614 613
614 653
613 615
613 700
700 634
700 701
700 629
700 693
700 653
700 702
700 728
653 623
653 633
653 635
653 636
653 640
653 641
653 642
653 643
653 644
653 647
653 648
653 650
653 663
653 664
653 701
653 725
653 728
653 731
653 732
653 733
653 736
628 625
628 740
645 630
633 703
633 647
703 649
644 630
630 647
630 648
630 650
630 726
630 737
630 740
649 650
708 712
712 713
713 716
719 709
728 729
734 735
