301894 301895
301895 301896
301896 301897
301901 301980
301901 301902
301980 301902
301902 301948
301902 301910
301902 301914
301902 301915
301902 301922
301902 301933
301902 301934
301902 301994
301902 302089
301948 301936
301948 301938
301948 301949
301948 301953
301948 301968
301948 301969
301948 301971
301948 301982
301904 301905
301904 301947
301905 301981
301905 301915
301905 301922
301905 301943
301905 301994
301905 302088
301905 302089
301905 302095
301981 301910
301981 301982
301906 301910
301910 301912
301910 301916
301910 301983
301910 302021
301908 301931
301908 301939
301908 301945
301908 301999
301908 302018
301908 302092
301939 301909
301909 301932
301909 301946
301909 301973
301909 302017
301909 302091
301912 301916
301912 301913
301912 301996
301912 302020
301916 302056
301983 301949
301911 301963
301911 302000
301963 302059
301963 302086
301963 302019
302000 301949
302000 301953
302000 301962
301913 301914
301913 301919
301996 301999
301996 302095
301914 301915
301914 302089
302089 301919
302089 301920
302089 301921
302089 302090
302089 302094
302089 302102
302056 302055
302056 302060
302056 302066
302056 302058
301920 301922
301922 301921
301923 301924
301923 301995
301924 301925
301924 301928
301929 301898
301898 302009
301898 302048
301930 302009
301930 302100
301934 301935
301938 301978
301940 301947
301940 301941
301940 301985
301947 301944
301947 302101
301947 301994
301947 302016
301947 302055
301947 302088
301942 301946
301942 301945
301942 302088
302088 301943
302088 302098
302088 302090
302088 302102
301943 302016
302101 302071
302101 301985
302101 302102
301949 302002
301949 302001
301949 301953
301949 301962
302002 301953
302002 302003
302001 301953
302001 302005
301953 301952
301953 302045
301953 301951
301953 301900
301953 301962
301951 301952
301951 301900
301951 301954
301951 301957
301951 301982
301951 302080
301952 302041
301952 302043
301954 301950
301954 301955
301955 301957
301955 302019
301957 301959
301956 301959
301956 302023
301956 302026
301956 302028
301956 302032
301956 302084
301959 301958
301958 302032
302059 302055
302059 302072
302059 302067
302086 302085
302086 302067
302086 302072
301966 301971
301972 301973
301972 302097
301973 301975
301975 301974
301975 301976
301975 301977
301975 301999
301975 302095
301974 301976
301984 301985
301984 301986
301984 301995
301986 301987
301989 301988
301989 301991
301989 302038
301988 301992
301988 302037
301988 302041
301988 302044
301990 301991
301991 302038
301991 302063
301991 302064
301991 302065
302038 302037
301992 302103
301992 301994
302103 301993
301994 301993
301993 302037
301993 302039
302039 302041
302039 302044
302095 302098
302095 302102
302005 302007
302003 302004
302004 302006
302006 302007
302007 302008
302020 302028
302020 302021
302028 302022
302028 302027
302021 302022
302021 302024
302022 302026
302022 302030
302022 302025
302022 302023
302022 302029
302026 302027
302030 302029
302030 302083
302030 302032
302025 302085
302083 302058
302083 302066
302083 302060
302083 302085
302032 302031
302040 302041
302042 302044
302044 302043
302046 302054
302054 302051
302054 302057
302054 302061
302054 302069
302051 302075
302051 302073
302051 302085
302051 302053
302051 302052
302051 302055
302073 302074
302085 302084
302057 302058
302057 302060
302057 302068
302057 302066
302057 302067
302057 302072
302057 302076
302057 302082
302061 302062
302069 302070
302060 302058
302066 302074
302058 302068
302068 302071
302068 302081
302068 302072
302068 302078
302068 302079
302076 302077
302062 302063
302062 302064
302064 302065
302071 302070
302077 302078
302077 302079
302077 302080
302098 302099
302090 302093
302090 302094
302093 302102
302094 302102
302099 302102
