301576 301573
301577 301595
301595 301596
301581 301578
301582 301579
301585 301571
301585 301590
301585 301592
301586 301569
301600 301603
301603 301604
301603 301610
301601 301617
301601 301637
301637 301606
301637 301632
301637 301648
301637 301647
301637 301640
301604 301605
301604 301607
301604 301618
301624 301622
301624 301631
301624 301649
301626 301627
301627 301628
301632 301633
301640 301644
301640 301653
301640 301641
301653 301674
301653 301748
301653 301844
301674 301657
301674 301662
301674 301664
301674 301666
301674 301678
301674 301735
301674 301736
301674 301746
301674 301850
301654 301867
301654 301841
301867 301682
301867 301849
301867 301868
301867 301835
301867 301810
301656 301683
301656 301775
301656 301756
301656 301672
301656 301655
301656 301838
301683 301682
301683 301667
301683 301756
301683 301672
301683 301655
301683 301834
301775 301658
301775 301746
301775 301849
301756 301661
301756 301672
301756 301676
301756 301677
301756 301680
301756 301682
301756 301687
301756 301691
301756 301705
301756 301723
301756 301724
301756 301725
301756 301726
301756 301727
301756 301728
301756 301749
301756 301675
301756 301757
301756 301766
301756 301768
301756 301769
301756 301770
301756 301805
301756 301807
301756 301808
301756 301810
301756 301827
301756 301832
301756 301859
301756 301861
301756 301865
301672 301667
301672 301668
301672 301833
301672 301682
301672 301705
301672 301723
301672 301728
301672 301766
301672 301769
301672 301770
301672 301787
301672 301810
301672 301836
301672 301881
301655 301796
301657 301881
301657 301676
301657 301877
301657 301658
301881 301682
301881 301692
301881 301711
301881 301718
301881 301735
301881 301851
301881 301879
301676 301659
301676 301678
301676 301692
301676 301695
301676 301710
301676 301711
301676 301713
301676 301714
301676 301735
301676 301736
301676 301743
301676 301746
301676 301792
301676 301793
301676 301794
301676 301877
301877 301692
301877 301710
301877 301713
301877 301714
301877 301718
301877 301732
301877 301733
301877 301735
301877 301851
301877 301779
301658 301750
301658 301781
301658 301692
301658 301710
301658 301713
301658 301714
301658 301735
301750 301661
301750 301663
301750 301665
301750 301748
301750 301758
301750 301759
301750 301785
301750 301787
301750 301855
301750 301856
301781 301661
301781 301663
301781 301665
301781 301695
301781 301700
301781 301704
301781 301710
301781 301711
301781 301713
301781 301722
301781 301737
301781 301744
301781 301745
301781 301762
301781 301824
301781 301675
301781 301782
301781 301851
301659 301722
301659 301667
301659 301699
301659 301792
301667 301660
301667 301663
301667 301665
301667 301680
301667 301682
301667 301785
301661 301662
301661 301736
301663 301664
301665 301666
301668 301682
301670 301866
301670 301862
301670 301848
301670 301864
301670 301863
301670 301843
301670 301841
301670 301840
301670 301839
301670 301838
301670 301844
301670 301836
301670 301842
301670 301671
301866 301686
301866 301854
301862 301805
301862 301861
301862 301849
301848 301677
301848 301682
301864 301851
301863 301805
301863 301850
301843 301805
301843 301776
301841 301805
301840 301771
301839 301686
301839 301734
301838 301677
301838 301805
301844 301677
301844 301805
301844 301861
301836 301677
301836 301805
301836 301833
301836 301861
301842 301690
301842 301712
301671 301805
301671 301685
301671 301825
301671 301690
301671 301688
301671 301689
301671 301861
301671 301865
301671 301677
301671 301687
301671 301691
301671 301684
301671 301846
301671 301845
301671 301803
301671 301686
301671 301784
301805 301810
301805 301807
301805 301806
301805 301812
301805 301811
301805 301873
301805 301729
301685 301774
301865 301806
301865 301807
301691 301675
301846 301834
301845 301835
301803 301804
301833 301678
301833 301837
301673 301847
301847 301680
301678 301675
301678 301837
301675 301680
301675 301695
301675 301700
301675 301737
301675 301743
301675 301798
301675 301806
301675 301807
301675 301808
301675 301822
301675 301823
301675 301827
301675 301874
301675 301876
301680 301829
301680 301777
301680 301717
301680 301716
301680 301730
301680 301712
301680 301802
301680 301828
301680 301870
301680 301869
301680 301780
301680 301831
301680 301827
301680 301830
301680 301835
301680 301773
301680 301797
301680 301779
301680 301868
301680 301681
301680 301784
301777 301700
301716 301780
301870 301786
301870 301768
301870 301860
301870 301810
301827 301738
301868 301807
301681 301873
301681 301729
301681 301682
301873 301872
301729 301786
301729 301791
301682 301776
301682 301732
301682 301731
301682 301771
301682 301794
301682 301738
301682 301733
301682 301850
301682 301851
301682 301811
301732 301785
301731 301786
301794 301795
301738 301737
301738 301739
301733 301785
301774 301788
301693 301706
301706 301705
301696 301792
301697 301793
301793 301737
301698 301699
301701 301778
301703 301707
301707 301705
301704 301709
301709 301710
301709 301713
301711 301708
301715 301782
301782 301741
301718 301719
301718 301720
301718 301721
301786 301801
301740 301742
301740 301741
301740 301772
301742 301744
301742 301798
301741 301745
301746 301796
301796 301795
301748 301749
301748 301765
301749 301810
301810 301809
301810 301808
301810 301857
301810 301858
301760 301763
301763 301761
301762 301764
301765 301769
301765 301770
301768 301858
301800 301783
301800 301799
301807 301806
301807 301857
301808 301809
301817 301822
301819 301823
301858 301859
301859 301860
