196502 196601
196502 196603
196502 196600
196502 196598
196502 196599
196502 196611
196601 196598
196601 196599
196601 196600
196601 196602
196601 196603
196603 196599
196603 196608
196603 196610
196603 196611
196600 196599
196600 196509
196598 196599
196599 196531
196599 196602
196599 196698
196611 196613
196503 196544
196503 196505
196503 196542
196503 196547
196503 196548
196503 196541
196503 196558
196503 196563
196503 196585
196503 196607
196503 196629
196503 196657
196503 196676
196503 196677
196503 196714
196544 196524
196544 196542
196544 196547
196505 196596
196542 196541
196542 196547
196542 196531
196542 196543
196542 196672
196547 196548
196548 196507
196548 196543
196548 196509
196548 196531
196548 196558
196548 196563
196548 196590
196548 196604
196548 196721
196548 196723
196504 196543
196504 196576
196504 196506
196504 196551
196504 196526
196543 196537
196543 196549
196543 196550
196543 196524
196543 196630
196543 196686
196543 196723
196506 196545
196506 196526
196506 196582
196506 196586
196506 196587
196506 196508
196506 196589
196506 196593
196506 196546
196506 196550
196506 196571
196506 196588
196506 196595
196506 196604
196506 196606
196506 196639
196506 196648
196506 196649
196506 196656
196506 196667
196506 196698
196506 196711
196506 196726
196551 196550
196551 196552
196596 196550
196526 196525
196526 196531
196526 196550
196526 196549
196526 196529
196526 196537
196526 196552
196526 196584
196526 196616
196526 196617
196526 196651
196526 196652
196526 196704
196582 196535
196582 196583
196586 196587
196508 196507
196508 196535
196508 196579
196508 196698
196508 196699
196508 196716
196508 196733
196508 196743
196589 196590
196589 196591
196589 196592
196507 196515
196507 196574
196507 196575
196515 196514
196515 196533
196515 196539
196515 196574
196515 196725
196574 196513
196575 196513
196575 196514
196509 196510
196509 196521
196509 196522
196511 196512
196511 196513
196511 196514
196513 196568
196514 196568
196514 196567
196514 196524
196524 196525
196524 196528
196516 196517
196516 196523
196517 196518
196517 196523
196517 196588
196518 196519
196518 196520
196519 196520
196520 196523
196522 196698
196525 196585
196525 196632
196531 196530
196531 196571
196531 196572
196531 196580
196531 196607
196531 196612
196531 196668
196531 196681
196531 196687
196531 196692
196531 196699
196531 196702
196531 196704
196531 196708
196531 196728
196531 196731
196550 196553
196550 196562
196550 196725
196527 196529
196527 196583
196527 196584
196527 196702
196529 196585
196533 196534
196534 196536
196534 196538
196537 196539
196540 196541
196553 196564
196553 196562
196552 196626
196552 196662
196552 196690
196554 196557
196554 196558
196554 196555
196557 196556
196557 196558
196557 196563
196558 196555
196558 196560
196558 196559
196558 196607
196555 196559
196556 196563
196563 196560
196560 196561
196560 196562
196560 196622
196560 196660
196562 196597
196562 196627
196569 196570
196571 196572
196571 196683
196572 196566
196566 196619
196584 196585
196585 196698
196585 196699
196590 196591
196608 196604
196608 196615
196608 196616
196608 196617
196608 196618
196608 196619
196608 196620
196608 196624
196608 196625
196608 196627
196608 196630
196608 196632
196608 196637
196608 196641
196608 196642
196608 196645
196608 196646
196608 196647
196608 196649
196608 196651
196608 196652
196608 196656
196608 196657
196608 196658
196608 196659
196608 196660
196608 196661
196608 196662
196608 196664
196608 196665
196608 196666
196608 196667
196610 196604
196610 196612
196610 196618
196610 196621
196610 196622
196610 196628
196610 196631
196610 196633
196610 196635
196610 196638
196610 196639
196610 196645
196610 196646
196610 196648
196610 196649
196610 196650
196610 196651
196610 196652
196610 196653
196610 196654
196610 196655
196610 196657
196610 196666
196610 196667
196604 196623
196604 196700
196604 196712
196605 196606
196605 196631
196605 196645
196605 196663
196606 196607
196615 196616
196616 196617
196631 196635
196643 196644
196676 196677
196691 196692
196692 196693
196693 196728
196698 196699
196699 196700
196699 196706
196700 196705
196700 196702
196700 196701
196700 196704
196705 196704
196705 196715
196702 196701
196702 196703
196701 196707
196701 196709
196707 196708
196707 196715
196709 196710
196710 196713
196713 196720
196725 196726
