13968 13997
13968 13995
13968 13998
13997 14013
13997 14011
13995 13989
13998 13987
13998 13992
13998 14012
13998 14014
13998 14008
13998 14025
13969 13980
13969 13974
13969 13970
13969 13977
13980 13976
13980 14022
13980 14023
13980 13984
13974 13976
13974 13984
13970 14006
14006 13978
14006 14018
14006 13971
14006 13993
14006 13972
13971 13977
13977 13978
13977 14018
13972 13973
13976 14001
13979 13999
13979 14007
13979 14004
13979 14019
13981 13982
13981 13983
13982 14008
13982 14019
13983 14019
13983 14020
13983 14008
13983 14016
13983 14002
14008 14025
14019 13991
14020 14015
14020 14005
14016 14000
14002 13988
14002 14003
13985 14009
13985 13987
14009 14010
13987 13996
13987 13986
13987 14001
13987 13992
13987 14021
13987 14025
13991 13990
13991 13994
13993 13975
14025 14017
14025 14024
14010 14024
