47897 48026
47897 48029
47897 47921
47897 47995
47897 48027
47897 48005
47897 47920
47897 48001
47897 47899
47897 47919
47897 47898
47897 47989
47897 47980
47897 48023
48026 47922
48029 48030
47995 47996
48027 48012
48027 48024
48027 48025
48005 48006
48001 48002
47898 47931
47898 47930
47898 47935
47898 47934
47898 47966
47898 47903
47898 47900
47989 47990
47980 47983
47980 47993
47980 47981
47931 47928
47935 47929
47935 48028
47935 47979
47935 47939
47935 47945
47935 47969
47934 47929
47966 47973
47903 47904
47903 47907
47901 47910
47922 47958
47922 47923
47922 47940
47922 47969
47922 47986
47922 48002
47922 48004
47958 47952
47923 47925
47927 47929
47929 47947
47929 47937
47929 47969
47947 47965
47947 47974
47933 47946
47946 47936
47946 48030
47979 47965
47942 47941
47965 47983
47964 47996
47964 47976
47964 47990
47973 47971
47975 47978
47975 47977
47983 47981
47983 47992
47993 47992
47990 47994
47990 47991
48003 48004
48008 48009
48012 48023
48012 48013
