11980 11981
11980 11987
11980 12023
11980 12030
11980 12032
11980 11991
11980 12027
11981 11982
11981 12032
12023 11991
12023 12024
12023 12026
12030 12031
12030 12032
12030 12061
12030 12069
12030 12088
12032 12033
11991 11982
11991 11983
11991 11994
11991 11993
11991 11992
11991 11996
11991 12017
11991 12037
11991 12047
11991 12051
11991 12058
11991 12059
11991 12060
11991 12074
11991 12077
11991 12094
12027 12028
12027 12071
12027 12080
11982 11993
11993 11998
11993 12020
11993 12050
11993 12065
11993 12073
11993 12076
11993 12092
11983 12082
11983 12083
11983 12084
11989 11990
11994 12021
11994 12024
11994 12052
11992 12024
11992 12060
11992 12091
11996 11997
11996 11999
12021 12000
12021 12022
11999 12013
12013 12000
12013 12016
12000 12001
12001 12016
12003 11988
11988 12040
11988 12054
12006 12007
12017 12018
12024 12025
12024 12037
12024 12039
12024 12051
12024 12060
12024 12061
12024 12066
12024 12071
12026 12089
12025 12040
12025 12093
12035 12044
12035 12041
12044 12043
12041 12039
12041 12042
12037 11995
11995 12052
11995 12061
11995 12066
12039 12040
12039 12060
12040 12042
12047 12048
12047 12057
12047 12090
12048 12053
12052 12075
12058 12087
12065 12012
12070 12068
12071 12072
12085 12086
