14414 14415
14415 14452
14415 14438
14415 14429
14415 14416
14452 14453
14452 14455
14452 14454
14452 14462
14438 14443
14438 14444
14438 14442
14438 14440
14438 14441
14438 14439
14429 14430
14429 14431
14429 14433
14429 14435
14429 14436
14429 14437
14416 14417
14416 14419
14416 14418
14416 14426
14416 14432
14416 14445
14419 14446
14419 14447
14419 14448
14418 14420
14418 14421
14426 14428
14426 14427
14420 14422
14420 14423
14421 14425
14421 14424
14446 14435
14446 14441
14446 14455
14447 14455
14448 14435
14448 14441
14448 14455
14431 14432
14433 14434
14436 14451
14437 14451
14437 14449
14437 14450
14451 14442
14451 14443
14451 14444
14449 14443
14450 14443
14440 14445
14454 14456
14454 14457
14456 14458
14456 14459
14457 14461
14457 14460
