196855 196906
196855 196862
196855 196878
196855 196856
196855 196857
196906 196907
196862 196863
196878 196882
196856 196863
196857 196910
196857 196860
196857 196866
196910 196858
196910 196864
196860 196859
196866 196864
196866 196867
196858 196859
196858 196865
196865 196868
196864 196867
196864 196879
196864 196882
196864 196884
196867 196896
196867 196897
196876 196877
196882 196881
196879 196881
196879 196880
196881 196883
196881 196884
196881 196914
196881 196917
196883 196912
196883 196889
196883 196916
196884 196885
196884 196913
196884 196896
196884 196894
196914 196869
196889 196902
196913 196895
196896 196894
196894 196892
196894 196893
196890 196893
196903 196869
196907 196908
196908 196909
