296730 296732
296730 296731
296730 296753
296730 296737
296730 296781
296730 296798
296732 296785
296732 296735
296732 296741
296753 296757
296737 296794
296781 296782
296798 296799
296798 296785
296785 296733
296785 296734
296785 296739
296785 296807
296785 296794
296735 296734
296741 296739
296741 296742
296733 296740
296740 296743
296740 296795
296794 296795
296794 296796
296739 296742
296739 296754
296739 296757
296739 296759
296739 296796
296739 296800
296742 296771
296742 296772
296742 296797
296751 296752
296757 296756
296754 296756
296754 296755
296756 296789
296756 296792
296756 296758
296756 296759
296789 296744
296758 296791
296758 296787
296758 296764
296759 296769
296759 296771
296759 296760
296759 296788
296764 296777
296769 296767
296769 296768
296769 296771
296769 296804
296788 296770
296765 296768
296778 296744
296744 296807
296744 296809
296782 296783
296783 296784
296796 296797
296799 296801
296799 296800
296799 296805
296801 296800
296800 296804
296800 296806
