13103 13104
13104 13109
13104 13110
13104 13114
13104 13216
13105 13117
13105 13191
13105 13106
13105 13192
13105 13113
13117 13116
13117 13118
13117 13145
13117 13146
13106 13111
13106 13112
13106 13139
13106 13144
13106 13274
13192 13173
13107 13108
13107 13111
13107 13188
13107 13119
13107 13234
13107 13281
13107 13314
13107 13315
13107 13327
13108 13180
13111 13112
13111 13113
13111 13114
13110 13327
13112 13173
13113 13173
13114 13115
13114 13145
13114 13147
13114 13158
13114 13162
13114 13175
13114 13184
13114 13208
13114 13247
13114 13348
13115 13134
13115 13135
13115 13138
13115 13189
13115 13195
13115 13196
13115 13215
13115 13219
13115 13233
13115 13234
13115 13238
13115 13245
13115 13262
13115 13304
13115 13305
13115 13307
13115 13309
13115 13341
13118 13138
13118 13168
13118 13301
13138 13119
13138 13137
13138 13148
13138 13176
13138 13143
13138 13151
13138 13153
13138 13167
13138 13293
13138 13294
13138 13332
13138 13333
13119 13127
13119 13128
13119 13129
13119 13130
13119 13180
13119 13182
13119 13120
13119 13148
13119 13151
13119 13186
13119 13187
13119 13195
13119 13208
13119 13218
13119 13273
13119 13282
13119 13326
13119 13327
13119 13328
13119 13329
13119 13330
13119 13338
13127 13128
13180 13181
13182 13183
13182 13184
13182 13185
13121 13123
13121 13122
13123 13122
13123 13124
13122 13126
13126 13125
13126 13124
13124 13125
13124 13186
13132 13133
13133 13134
13133 13147
13134 13175
13134 13145
13134 13146
13134 13147
13134 13232
13147 13146
13147 13149
13147 13175
13147 13158
13147 13162
13147 13168
13147 13219
13147 13227
13147 13249
13147 13270
13147 13271
13147 13339
13175 13146
13145 13143
13145 13176
13145 13148
13145 13151
13145 13226
13145 13253
13145 13258
13145 13261
13145 13348
13136 13137
13136 13167
13136 13181
13136 13238
13137 13168
13148 13169
13148 13152
13139 13140
13140 13141
13140 13142
13143 13144
13151 13150
13151 13152
13151 13154
13151 13161
13151 13274
13149 13150
13149 13159
13152 13153
13159 13158
13159 13160
13159 13161
13159 13162
13159 13335
13159 13337
13154 13165
13154 13161
13153 13225
13153 13255
13153 13259
13153 13263
13153 13302
13155 13156
13155 13162
13155 13164
13156 13157
13156 13158
13156 13162
13162 13163
13162 13164
13162 13219
13164 13163
13157 13158
13160 13243
13161 13166
13161 13224
13167 13168
13168 13234
13168 13327
13171 13172
13171 13173
13184 13185
13193 13194
13195 13196
13195 13203
13196 13178
13178 13286
13207 13222
13207 13220
13222 13208
13222 13224
13222 13225
13222 13226
13222 13283
13222 13284
13222 13286
13222 13288
13222 13290
13222 13291
13222 13292
13222 13293
13222 13294
13222 13296
13222 13300
13222 13301
13222 13303
13222 13320
13222 13322
13222 13323
13222 13324
13222 13329
13222 13330
13222 13331
13222 13332
13222 13333
13222 13337
13222 13338
13222 13339
13222 13340
13222 13345
13220 13208
13220 13223
13220 13282
13220 13284
13220 13285
13220 13287
13220 13288
13220 13289
13220 13295
13220 13304
13220 13319
13220 13328
13220 13330
13220 13332
13220 13333
13220 13334
13220 13335
13220 13336
13220 13338
13220 13339
13220 13343
13220 13344
13220 13345
13208 13236
13208 13240
13208 13248
13208 13325
13209 13218
13209 13228
13209 13344
13209 13345
13218 13219
13210 13217
13210 13216
13210 13212
13210 13215
13210 13213
13210 13211
13217 13215
13216 13213
13216 13215
13212 13215
13212 13213
13215 13211
13215 13213
13215 13327
13213 13211
13213 13214
13211 13214
13214 13318
13234 13235
13234 13236
13234 13327
13236 13238
13236 13237
13236 13241
13236 13240
13238 13237
13238 13239
13237 13244
13237 13242
13241 13240
13241 13279
13244 13245
13244 13279
13242 13243
13243 13246
13246 13257
13270 13271
13273 13274
13292 13293
13293 13294
13305 13306
13305 13317
13306 13307
13343 13344
13346 13347
