296597 296595
296597 296615
296595 296598
296598 296613
296598 296600
296598 296599
296598 296601
296598 296606
296598 296607
296613 296599
296613 296601
296613 296606
296613 296607
296600 296605
296605 296614
296601 296602
296601 296614
296601 296615
296602 296610
296602 296612
296602 296611
296602 296604
296602 296608
296602 296615
296610 296604
296610 296608
296610 296609
296610 296596
296610 296611
296612 296608
296612 296609
296612 296611
296611 296608
296611 296609
296604 296608
296604 296609
296603 296616
296614 296606
296614 296607
296606 296608
296606 296615
296608 296609
296608 296596
296608 296615
296607 296609
296607 296615
296609 296615
