349325 349324
349333 349330
349330 349334
349330 349335
349335 349341
349336 349342
349336 349350
349342 349346
349342 349352
349339 349338
349339 349337
349339 349348
349339 349340
349338 349340
349338 349341
349337 349340
349337 349341
349348 349340
349348 349343
349348 349341
349348 349349
349340 349351
349340 349352
349340 349353
349340 349329
349351 349345
349351 349344
349352 349341
349353 349349
349341 349354
349354 349346
349346 349347
349346 349328
349343 349350
349345 349344
349344 349349
349347 349326
