191288 191289
191289 191300
191289 191344
191289 191351
191300 191302
191300 191304
191300 191321
191300 191324
191300 191327
191300 191331
191300 191345
191300 191351
191300 191352
191301 191305
191305 191304
191305 191306
191302 191384
191302 191385
191302 191359
191302 191348
191302 191358
191384 191327
191384 191345
191384 191352
191385 191327
191385 191345
191385 191352
191359 191327
191359 191328
191359 191335
191359 191345
191359 191352
191359 191360
191348 191304
191348 191324
191348 191328
191348 191349
191348 191362
191348 191351
191348 191352
191348 191355
191358 191303
191358 191312
191358 191313
191358 191314
191358 191315
191358 191317
191358 191318
191358 191319
191358 191321
191358 191325
191358 191327
191358 191330
191358 191331
191358 191334
191358 191336
191358 191338
191358 191341
191358 191345
191358 191351
191358 191352
191358 191357
191358 191355
191303 191356
191356 191357
191307 191322
191308 191309
191309 191336
191309 191337
191309 191338
191309 191341
191309 191342
191310 191311
191311 191315
191311 191316
191311 191317
191311 191318
191311 191319
191311 191320
191312 191335
191312 191362
191335 191323
191335 191334
191362 191315
191362 191316
191362 191318
191362 191319
191362 191320
191362 191330
191362 191333
191362 191340
191362 191343
191362 191354
191362 191363
191362 191375
191362 191377
191315 191316
191317 191339
191339 191333
191339 191338
191339 191340
191339 191377
191319 191320
191321 191332
191321 191343
191332 191331
191332 191333
191343 191323
191343 191373
191323 191355
191355 191324
191325 191329
191325 191326
191329 191327
191329 191328
191329 191340
191329 191357
191329 191379
191327 191364
191327 191383
191364 191328
191364 191330
191364 191336
191364 191337
191364 191341
191364 191342
191364 191352
191364 191367
191364 191365
191383 191345
191383 191352
191328 191353
191353 191345
191353 191350
191353 191352
191336 191337
191341 191342
191346 191347
191367 191365
191367 191366
191376 191374
191378 191379
