62478 62482
62483 62484
62484 62518
62484 62517
62484 62486
62484 62522
62484 62500
62518 62533
62518 62517
62518 62519
62518 62524
62517 62502
62517 62511
62517 62516
62517 62519
62517 62543
62486 62489
62486 62490
62486 62496
62486 62519
62486 62529
62486 62532
62486 62540
62500 62487
62500 62533
62487 62485
62487 62495
62485 62513
62485 62521
62495 62524
62495 62533
62495 62502
62524 62496
62524 62525
62524 62526
62524 62528
62524 62531
62533 62516
62533 62523
62533 62534
62533 62543
62533 62545
62533 62546
62502 62503
62496 62520
62496 62512
62520 62536
62503 62497
62504 62501
62505 62480
62510 62481
62511 62494
62512 62519
62514 62509
62514 62516
62509 62542
62509 62545
62516 62515
62521 62536
62521 62539
62521 62541
62529 62531
62542 62543
