300347 300406
300347 300438
300347 300481
300347 300484
300406 300518
300406 300453
300406 300428
300406 300438
300406 300481
300406 300484
300348 300415
300348 300353
300348 300359
300348 300394
300348 300447
300348 300451
300348 300478
300348 300493
300348 300494
300415 300416
300349 300370
300349 300390
300370 300352
300370 300365
300370 300366
300370 300371
300370 300372
300370 300394
300370 300414
300370 300424
300370 300425
300370 300478
300390 300352
300390 300476
300350 300351
300350 300403
300355 300466
300355 300414
300466 300502
300362 300365
300365 300424
300365 300425
300365 300440
300365 300504
300363 300373
300363 300372
300373 300477
300373 300354
300366 300486
300366 300367
300366 300473
300366 300380
300486 300479
300367 300474
300473 300372
300473 300397
300473 300418
300473 300424
300473 300425
300473 300440
300473 300458
300473 300472
300473 300477
300473 300476
300474 300477
300368 300433
300368 300419
300433 300369
300433 300387
300433 300391
300433 300418
300433 300419
300369 300419
300372 300393
300372 300413
300372 300377
300372 300444
300372 300427
300372 300428
300372 300511
300372 300513
300372 300498
300372 300429
300372 300496
300372 300471
300372 300445
300372 300517
300372 300379
300393 300392
300393 300424
300393 300425
300393 300440
300413 300412
300413 300424
300413 300425
300413 300440
300377 300376
300377 300424
300377 300425
300377 300440
300444 300443
300427 300513
300428 300404
300511 300394
300511 300407
300511 300414
300511 300434
300511 300478
300511 300510
300513 300394
300513 300407
300513 300414
300513 300434
300513 300459
300513 300460
300513 300478
300513 300508
300513 300426
300498 300407
300498 300459
300498 300460
300498 300478
300429 300394
300429 300407
300429 300414
300429 300434
300429 300440
300429 300441
300429 300459
300429 300460
300429 300478
300496 300394
300496 300407
300496 300414
300496 300434
300496 300478
300496 300495
300471 300394
300471 300407
300471 300414
300471 300434
300471 300470
300471 300478
300445 300394
300445 300414
300445 300430
300445 300478
300445 300516
300517 300394
300517 300414
300517 300478
300517 300516
300477 300423
300477 300475
300477 300476
300477 300479
300477 300521
300375 300469
300375 300468
300469 300423
300468 300423
300376 300378
300379 300403
300380 300450
300381 300394
300381 300403
300382 300414
300382 300403
300414 300465
300414 300409
300383 300478
300383 300403
300478 300453
300478 300512
300384 300508
300384 300403
300508 300465
300386 300437
300386 300388
300437 300416
300387 300418
300389 300518
300518 300479
300476 300452
300391 300419
300392 300455
300398 300456
300398 300399
300456 300408
300400 300402
300400 300403
300402 300403
300403 300506
300403 300464
300506 300450
300506 300507
300506 300516
300405 300404
300405 300438
300405 300481
300405 300484
300404 300438
300404 300481
300404 300484
300453 300512
300407 300442
300411 300410
300411 300432
300412 300487
300412 300488
300417 300460
300417 300505
300417 300423
300460 300442
300418 300454
300454 300419
300421 300420
300422 300431
300424 300520
300520 300425
300520 300521
300430 300448
300430 300434
300430 300509
300430 300464
300509 300522
300442 300459
300447 300446
300450 300464
300489 300490
