13042 13044
13042 13043
13042 13065
13042 13049
13042 13093
13044 13053
13044 13047
13044 13097
13043 13050
13065 13069
13049 13050
13093 13094
13053 13051
13053 13054
13047 13046
13097 13045
13097 13070
13097 13051
13045 13046
13045 13052
13052 13055
13051 13054
13051 13066
13051 13071
13054 13083
13054 13084
13063 13064
13069 13068
13066 13068
13066 13067
13068 13070
13068 13071
13070 13099
13070 13076
13071 13083
13071 13100
13071 13081
13071 13072
13076 13089
13083 13081
13100 13082
13081 13079
13081 13080
13077 13080
13090 13056
13056 13101
13094 13095
13095 13096
