349099 349102
349103 349108
349103 349113
349108 349109
349106 349107
349107 349113
349107 349104
349107 349129
349107 349130
349107 349123
349113 349116
349104 349125
349104 349128
349104 349136
349104 349139
349104 349146
349129 349128
349129 349127
349129 349126
349129 349115
349129 349124
349129 349130
349129 349149
349130 349128
349130 349116
349109 349142
349109 349145
349109 349147
349115 349118
349115 349120
349118 349110
349116 349140
349116 349149
349116 349151
349116 349152
349119 349114
349124 349105
349125 349128
349126 349117
349117 349148
349117 349151
349132 349131
349131 349133
349131 349135
349131 349138
349136 349138
349148 349149
