197017 197019
197017 197018
197017 197040
197017 197024
197017 197068
197017 197085
197019 197022
197019 197028
197019 197072
197040 197044
197024 197081
197068 197069
197085 197086
197085 197072
197022 197021
197028 197026
197028 197029
197072 197020
197072 197026
197072 197081
197020 197021
197020 197027
197027 197030
197027 197082
197081 197083
197081 197082
197026 197029
197026 197041
197026 197044
197026 197046
197026 197083
197026 197087
197029 197058
197029 197059
197029 197084
197038 197039
197044 197043
197041 197043
197041 197042
197043 197079
197043 197076
197043 197045
197043 197046
197076 197031
197045 197078
197045 197074
197045 197051
197046 197047
197046 197075
197046 197058
197046 197056
197051 197064
197075 197057
197058 197056
197056 197054
197056 197055
197056 197091
197052 197055
197065 197031
197069 197070
197070 197071
197083 197084
197086 197087
197086 197092
197086 197088
197087 197091
197087 197088
197087 197093
