303440 303438
303440 303458
303438 303441
303441 303456
303441 303443
303441 303442
303441 303444
303441 303449
303441 303450
303456 303442
303456 303444
303456 303449
303456 303450
303443 303448
303448 303457
303444 303445
303444 303457
303444 303458
303445 303447
303445 303455
303445 303453
303445 303454
303445 303451
303445 303458
303447 303453
303447 303451
303447 303452
303455 303451
303455 303452
303455 303454
303453 303451
303453 303452
303453 303439
303453 303454
303454 303451
303454 303452
303446 303459
303457 303449
303457 303450
303449 303451
303449 303458
303451 303452
303451 303439
303451 303458
303450 303452
303450 303458
303452 303458
